latitude,longitude,name,elevation
37.303757,106.28,罗山,2624.0
